object EditOrderForm: TEditOrderForm
  Left = 0
  Top = 0
  Caption = #1079#1072#1082#1072#1079
  ClientHeight = 240
  ClientWidth = 419
  Color = clBtnFace
  Font.Charset = DEFAULT_CHARSET
  Font.Color = clWindowText
  Font.Height = -11
  Font.Name = 'Tahoma'
  Font.Style = []
  OldCreateOrder = False
  PixelsPerInch = 96
  TextHeight = 13
  object Label1: TLabel
    Left = 32
    Top = 24
    Width = 71
    Height = 13
    Caption = #1040#1076#1088#1077#1089' '#1087#1086#1076#1072#1095#1080
  end
  object Label2: TLabel
    Left = 32
    Top = 52
    Width = 76
    Height = 13
    Caption = #1040#1076#1088#1077#1089' '#1087#1086#1077#1079#1076#1082#1080
  end
  object Label3: TLabel
    Left = 28
    Top = 102
    Width = 67
    Height = 13
    Caption = #1050#1086#1084#1084#1077#1085#1090#1072#1088#1080#1081
  end
  object Label4: TLabel
    Left = 32
    Top = 160
    Width = 70
    Height = 13
    Caption = #1042#1088#1077#1084#1103' '#1087#1086#1076#1072#1095#1080
  end
  object Button1: TButton
    Left = 27
    Top = 200
    Width = 75
    Height = 25
    Caption = 'OK'
    ModalResult = 1
    TabOrder = 0
  end
  object eAddresStart: TEdit
    Left = 128
    Top = 21
    Width = 273
    Height = 21
    TabOrder = 1
  end
  object eAddresTo: TEdit
    Left = 128
    Top = 49
    Width = 273
    Height = 21
    TabOrder = 2
  end
  object eAdditional: TEdit
    Left = 128
    Top = 99
    Width = 273
    Height = 21
    TabOrder = 3
  end
  object DateTimePicker1: TDateTimePicker
    Left = 128
    Top = 160
    Width = 186
    Height = 21
    Date = 43530.000000000000000000
    Time = 0.001785960645065643
    TabOrder = 4
  end
end
